[Driver]
Brand=Dayton Audio
Model=E150HE-44
Manufacturer=
ProvidedBy=loudspeakerdatabase.com
Comment=loudspeakerdatabase.com/Dayton/E150HE-44
DateAdded=20260621
DateModified=20260621
Qts=0.39
Znom=4
Fs=40
Pe=400
SPL=82.3970235965832
Re=1.65
Le=0.0016
BL=4.9
Xmax=0.0147
Cms=0.0006
Qms=2.94
Qes=0.45
Rms=2.44
Mms=0.0266
Sd=0.009503
Vas=0.00764554137512141
Vd=0.0001397
Dd=0.132
EBP=88.8888888888889
numVC=2
VCCon=1
ParState=EEECEENNEENEEEEEEEEEEECENNCCCNNNCCCCECNNNNNNNNECC
